Feature	gencodeID	Symbol	ensemblID	Chrom	logFC	t	adj.P.Val	Male_Pval	Male_FDR	Type
chr1:26558938-26560725(+)	ENSG00000117676.13	RPS6KA1	ENSG00000117676	chr1	-0.692727723030718	-5.5716890289739	0.0236658781068862	0.37298705918724573	0.40270636716790026	junction
chr1:40303677-40303806(-)	ENSG00000049089.13	COL9A2	ENSG00000049089	chr1	-0.774649314364816	-5.33098567010989	0.0346015071014821	0.12758240095294793	0.3189560023823698	junction
chr1:236045684-236048689(-)	ENSG00000116962.14	NID1	ENSG00000116962	chr1	1.11543242453004	5.13443105613296	0.0407649484685713	0.2416063412963012	0.4026772354938354	junction
chr5:132210524-132213915(-)	ENSG00000072682.18	P4HA2	ENSG00000072682	chr5	0.517820379096529	5.16380230522826	0.0407649484685713	0.06602555954183748	0.3189560023823698	junction
chr1:245059459-245082082(+)	ENSG00000203666.12	EFCAB2	ENSG00000203666	chr1	-0.420877860200632	-5.04741806368394	0.0473867538612212	0.40270636716790026	0.40270636716790026	junction
